4.27507273931e-15
1.34623920121e-14
1.85625381757e-15
5.19397248005e-15
2.25502146662e-15
1.87687475164e-15
3.44758481906e-15
1.43611347271e-15
2.86385928495e-15
3.13260281895e-15
4.05063668734e-15
1.08854760433e-15
1.93739606757e-15
3.670894502e-15
2.22236295886e-15
5.48994147908e-15
2.15681732232e-15
6.50999048734e-15
7.55861253651e-15
1.46776270238e-15
1.11574501884e-15
7.54400657076e-16
2.64587289967e-15
4.7280358465e-15
9.38868038164e-16
8.39670136965e-16
4.47316336228e-15
2.78607601788e-15
3.28884329731e-15
1.23510176111e-15
1.28114225402e-15
2.79446536146e-15
1.66508056022e-15
1.9712957023e-15
9.27458482601e-16
3.12114902113e-15
5.85419197012e-15
2.4213823072e-15
3.30435913089e-15
1.446483026e-15
1.80985028766e-15
7.24326914502e-16
4.27120794674e-15
6.48102870737e-16
4.00981394487e-15
6.17594793332e-16
2.52274000744e-15
1.24685973844e-15
1.81119939346e-15
1.35698032766e-15
2.05162821629e-15
4.91986138254e-16
5.42708733385e-15
2.86234134096e-15
3.4126240973e-15
3.02378586652e-15
5.86472155893e-16
1.34324375543e-15
8.31187041503e-16
4.43187083647e-15
1.10647501029e-15
3.80676187902e-15
3.21991246663e-16
3.2012311144e-16
5.2798344193e-16
5.49538683832e-16
1.84919168921e-15
3.1760732038e-15
6.7385508745e-15
2.56924293077e-15
3.27869184138e-15
2.36836654206e-15
3.24168714885e-15
1.61052270055e-15
1.74560799347e-15
5.42951575183e-16
1.1192197402e-15
4.50323479258e-16
4.62901465608e-16
2.03249410013e-15
3.01108108263e-15
4.63512584705e-16
2.83377294687e-15
4.75586727027e-16
4.68157974848e-15
8.08222796729e-15
2.80456051387e-15
3.44593231653e-15
7.64581323475e-17
3.59510151425e-15
4.63512584705e-16
3.81217026185e-15
2.80973391542e-15
3.9980774468e-15
4.76477725561e-16
