5.25644764708e-15
3.43784285638e-15
1.83124567077e-15
2.92916752738e-15
3.62632167081e-15
1.74200745557e-15
4.83783422943e-15
1.33638789177e-15
3.13186422737e-15
2.4987691568e-15
7.93357744935e-15
1.6598435158e-15
4.89067520234e-15
1.34600311466e-15
1.5935580832e-15
2.27266867332e-15
2.52567256198e-15
2.28893824517e-15
6.99889932813e-16
2.01775933291e-15
2.42270661732e-15
4.28403833872e-15
4.3377009492e-15
6.06246387688e-15
2.81644422754e-15
3.59177493478e-15
5.76678306584e-15
5.25106699185e-15
9.30168960606e-16
4.51690600344e-15
2.98656690391e-15
4.51795767778e-15
1.15403168821e-14
3.6263014669e-15
