1.65601300878e-14
6.66475249015e-15
2.94762737865e-15
2.56785688392e-15
1.71665614021e-15
3.38845150075e-15
3.14757774629e-15
2.0867761814e-15
5.60578144327e-14
1.86344617124e-15
4.98719434802e-15
4.94161903521e-15
1.38518371985e-15
1.24595182666e-15
4.88741868606e-15
2.03414247064e-15
5.22236487772e-15
9.87385473967e-15
3.07413047102e-15
5.28486941335e-15
1.89551547602e-15
1.19650487775e-15
1.8162837791e-15
2.37613573029e-15
2.012870958e-15
9.22953168422e-15
8.41588191296e-16
2.35623654668e-15
2.75711023633e-15
2.74881912643e-15
1.58698262442e-15
5.22304020261e-16
2.17513504768e-15
2.24666868699e-16
5.77209208075e-15
7.52606969342e-16
1.00810531169e-15
5.46398932945e-15
2.36161840311e-15
4.39550979007e-15
2.72197481718e-16
2.94564786104e-15
5.60674078303e-15
