6.55042978241e-15
6.3113892751e-15
4.6151051259e-15
1.07363701627e-14
1.03220683248e-14
3.65653875134e-14
3.88211679314e-15
1.20407852795e-14
3.7590860298e-15
3.22498754663e-15
6.74682022423e-15
6.42475657928e-15
2.78328818774e-15
4.65941823353e-15
2.14265633638e-15
5.13152343139e-15
1.05999482049e-14
2.0896061996e-15
6.71506119155e-15
1.77281679647e-15
4.27525556642e-15
6.3215186174e-15
9.99420493338e-15
2.87949841387e-15
1.19562314015e-14
1.4053628265e-14
1.97269889099e-15
1.20700130513e-14
1.57157403941e-15
1.0782669836e-14
2.43470786107e-15
2.14202025774e-15
6.50546400144e-15
1.46694874688e-15
1.08441565225e-14
5.40342997639e-15
1.05242682312e-14
1.56844099038e-15
5.6111237676e-15
7.05828567796e-15
1.25368476579e-14
7.34491883367e-15
4.37207457155e-15
5.42924779414e-15
1.37691474893e-14
2.96020511382e-15
8.77670396161e-16
1.1538272282e-14
3.22063988502e-15
3.85422182991e-15
6.54292462054e-15
3.62536690093e-15
2.19249366238e-15
3.57655875931e-15
8.83401974164e-15
8.44442378724e-16
6.69661199813e-15
7.62809328879e-15
1.25570523132e-14
3.4046314488e-15
4.80119660546e-15
6.26939224913e-15
1.16359353964e-14
3.36282040929e-15
9.21508441079e-15
6.23079593397e-16
1.99333435476e-15
2.39353122064e-15
2.98029160961e-14
3.20176870959e-15
2.62602638265e-15
6.58984151602e-15
8.01141159916e-15
1.065784643e-14
5.88816153317e-15
7.09551105054e-15
3.69911826119e-15
9.35678524775e-15
6.30954363698e-15
2.90480807728e-15
1.09724115974e-14
4.65654841144e-15
5.6426957525e-16
8.6537190004e-15
5.3857787137e-16
3.09925969239e-15
6.8521112431e-15
6.30957898179e-17
7.53362843351e-15
4.37409009972e-15
7.47293139548e-17
