1.38777878078e-17
1.37593976439e-14
2.47879061517e-15
2.88919341995e-15
3.51987547506e-15
3.40066635213e-15
2.69647753052e-15
6.86315571164e-15
3.82792058558e-15
6.03702210638e-15
5.42618489496e-15
1.01672320571e-15
5.88023425008e-15
3.15555641658e-15
5.17493348938e-15
6.15423343043e-15
1.70562076305e-15
1.63408445786e-15
2.17684284852e-15
5.94344515296e-15
5.29069124537e-15
1.88262122871e-15
2.72759964722e-15
4.53076468495e-15
1.9767841942e-15
6.03859518728e-15
5.76261095922e-15
6.41084107119e-15
2.67003013875e-15
1.97350167732e-15
6.74139995201e-15
1.89773219529e-15
6.43888066188e-17
4.48097770081e-15
9.9157215491e-15
3.23320997662e-15
2.76416239289e-15
8.78925670333e-16
