1.0 , 1.0
1.0 , 1.0
1.0 , 1.0
1.0 , 1.0
1.0 , 1.0
1.0 , 1.0
1.0 , 1.0
1.0 , 1.0
1.0 , 0.881720430108
1.0 , 0.870967741935
1.0 , 0.849462365591
0.333333333333 , 0.784946236559
0.333333333333 , 0.698924731183
0.333333333333 , 0.537634408602
0.333333333333 , 0.440860215054
0.333333333333 , 0.290322580645
0.333333333333 , 0.150537634409
0.333333333333 , 0.0860215053763
0.333333333333 , 0.0860215053763
0.333333333333 , 0.0645161290323
0.333333333333 , 0.0537634408602
0.333333333333 , 0.0322580645161
0.333333333333 , 0.0322580645161
0.333333333333 , 0.0215053763441
0.333333333333 , 0.0215053763441
0.333333333333 , 0.0215053763441
0.333333333333 , 0.0
