1.0 , 1.0
1.0 , 1.0
1.0 , 1.0
1.0 , 1.0
1.0 , 1.0
1.0 , 1.0
1.0 , 0.989247311828
1.0 , 0.978494623656
1.0 , 0.827956989247
1.0 , 0.784946236559
1.0 , 0.774193548387
1.0 , 0.634408602151
1.0 , 0.548387096774
1.0 , 0.483870967742
1.0 , 0.397849462366
1.0 , 0.301075268817
0.666666666667 , 0.204301075269
0.666666666667 , 0.0967741935484
0.666666666667 , 0.0752688172043
0.666666666667 , 0.0645161290323
0.666666666667 , 0.0537634408602
0.666666666667 , 0.0537634408602
0.666666666667 , 0.0430107526882
0.666666666667 , 0.0430107526882
0.666666666667 , 0.0430107526882
0.666666666667 , 0.0430107526882
0.666666666667 , 0.0430107526882
