1.0 , 1.0
1.0 , 1.0
1.0 , 1.0
1.0 , 1.0
1.0 , 1.0
1.0 , 1.0
1.0 , 1.0
1.0 , 1.0
1.0 , 0.989247311828
1.0 , 0.989247311828
1.0 , 0.967741935484
1.0 , 0.935483870968
0.611111111111 , 0.838709677419
0.444444444444 , 0.655913978495
0.222222222222 , 0.451612903226
0.222222222222 , 0.311827956989
0.166666666667 , 0.150537634409
0.111111111111 , 0.0537634408602
0.111111111111 , 0.0430107526882
0.111111111111 , 0.0322580645161
0.111111111111 , 0.0215053763441
0.111111111111 , 0.0215053763441
0.111111111111 , 0.0215053763441
0.111111111111 , 0.010752688172
0.111111111111 , 0.010752688172
0.111111111111 , 0.0
0.0555555555556 , 0.0
