1.0 , 1.0
1.0 , 1.0
1.0 , 1.0
1.0 , 1.0
1.0 , 1.0
1.0 , 1.0
1.0 , 1.0
1.0 , 0.978494623656
0.875 , 0.978494623656
0.75 , 0.94623655914
0.75 , 0.913978494624
0.75 , 0.827956989247
0.75 , 0.720430107527
0.625 , 0.591397849462
0.375 , 0.408602150538
0.25 , 0.301075268817
0.125 , 0.161290322581
0.125 , 0.0322580645161
0.125 , 0.0215053763441
0.125 , 0.0215053763441
0.125 , 0.0215053763441
0.125 , 0.0215053763441
0.125 , 0.010752688172
0.125 , 0.010752688172
0.125 , 0.010752688172
0.125 , 0.0
0.125 , 0.0
