1.0 , 1.0
1.0 , 1.0
1.0 , 1.0
1.0 , 1.0
1.0 , 1.0
1.0 , 1.0
1.0 , 1.0
1.0 , 1.0
1.0 , 0.967741935484
1.0 , 0.967741935484
1.0 , 0.967741935484
1.0 , 0.913978494624
0.857142857143 , 0.774193548387
0.857142857143 , 0.645161290323
0.857142857143 , 0.483870967742
0.857142857143 , 0.354838709677
0.714285714286 , 0.204301075269
0.571428571429 , 0.0645161290323
0.571428571429 , 0.0645161290323
0.571428571429 , 0.0645161290323
0.571428571429 , 0.0537634408602
0.571428571429 , 0.0322580645161
0.285714285714 , 0.0322580645161
0.142857142857 , 0.0215053763441
0.142857142857 , 0.010752688172
0.142857142857 , 0.0
0.142857142857 , 0.0
