5.41471796295
4.83752490282
4.28902412792
3.51927830849
3.4471254153
3.22297882251
2.81476106988
2.60181161893
2.31837677913
2.2748360905
2.06056118004
2.00173119561
2.0
1.96572997452
1.90374107442
1.86582061098
1.79912193554
1.71928296154
1.67718097741
1.49577168874
1.47969232014
1.4328153325
1.42212947938
1.41396583863
1.35163234462
1.33248868714
1.30979751663
1.27230582126
1.16848512007
1.12659014906
1.06420021609
1.03679489397
1.00295830405
1.00089254311
1.0000964082
1.00005262848
1.0
1.0
1.0
1.0
1.0
0.994483213674
0.979089951787
0.948778916595
0.939379902384
0.828230840536
0.774726395501
0.718587540291
0.602131075413
0.472129431446
0.257478290223
0.190699532034
0.176055283186
0.166666666667
0.144999665413
0.132421032422
0.111537921052
0.11132717528
0.108107144948
0.0886257783456
0.0761317759159
0.0757426114084
0.063838929555
0.0318188538048
0.0212692459903
0.0173631089651
0.016030531277
0.00392422199621
5.63276692582e-05
2.40461782173e-15
4.63512584705e-16
4.63512584705e-16
4.63512584705e-16
4.63512584705e-16
4.63512584705e-16
4.63512584705e-16
4.63512584705e-16
4.63512584705e-16
4.63512584705e-16
4.63512584705e-16
4.63512584705e-16
4.63512584705e-16
4.63512584705e-16
4.63512584705e-16
4.63512584705e-16
4.63512584705e-16
4.63512584705e-16
4.63512584705e-16
4.63512584705e-16
4.63512584705e-16
4.63512584705e-16
4.63512584705e-16
4.63512584705e-16
4.63512584705e-16
4.63512584705e-16
4.63512584705e-16
4.63512584705e-16
2.76005622877e-16
1.57754436862e-16
