5.11132428179
3.98380344423
3.55486878864
3.43085500164
3.05344547898
2.94906858931
2.85188390374
2.81192453004
2.75564286458
2.56411951418
2.41249101171
2.37929263129
2.22799640448
2.08498359838
2.04729480262
2.00641936195
2.0
1.95898421559
1.94616459815
1.82223618111
1.77450709789
1.73563781206
1.72909960876
1.66483039021
1.576967643
1.56090084989
1.49036324707
1.4846794781
1.42959346208
1.41828238282
1.38765672504
1.33392778832
1.30349116086
1.26028472532
1.2132981913
1.16111310846
1.14941147541
1.10504978485
1.05382693146
1.03220569266
1.0
1.0
1.0
1.0
1.0
1.0
1.0
1.0
1.0
1.0
0.928399078372
0.90762110515
0.902570534137
0.884058287653
0.855346631103
0.827050020641
0.776926961916
0.754501153514
0.703218204698
0.65260137971
0.591727000048
0.561954870603
0.524554929513
0.496757738883
0.433096433724
0.351041859041
0.336791419756
0.301693375737
0.245268103462
2.26988396159e-15
5.8742493116e-16
4.72986695669e-16
3.80565279312e-16
3.80565279312e-16
3.80565279312e-16
3.80565279312e-16
3.80565279312e-16
3.80565279312e-16
3.80565279312e-16
3.80565279312e-16
3.80565279312e-16
3.80565279312e-16
3.80565279312e-16
3.80565279312e-16
3.80565279312e-16
3.80565279312e-16
3.80565279312e-16
3.80565279312e-16
3.80565279312e-16
3.80565279312e-16
3.80565279312e-16
3.80565279312e-16
3.80565279312e-16
3.80565279312e-16
3.80565279312e-16
3.80565279312e-16
3.25900362053e-16
2.86350898928e-16
9.36579212725e-17
