8.97070707265
8.20921032768
4.41218521469
3.88412736715
2.97478586729
2.82157027763
2.77838226012
2.2514938489
2.20412650906
2.08764737768
2.00434907353
1.96680958217
1.89750280013
1.84401341113
1.66351681346
1.57163743626
1.53759380359
1.42264941581
1.33048529613
1.30160010836
1.20236526164
1.02518262177
1.01012805078
1.00702760778
1.00412372884
1.00404734548
0.972650104794
0.839381999988
0.828894379431
0.786297710952
0.764047620728
0.60565237215
0.542449762797
0.42627349709
0.265581424296
0.217233986063
0.131617925482
0.053026822952
0.0398123882713
0.0220439047232
0.000276680763497
9.86127908339e-16
9.86127908339e-16
9.86127908339e-16
9.86127908339e-16
