8.40162494082
5.49022431008
5.16429524534
4.87051097155
4.59414364708
4.49028162928
4.1240594637
3.98763358431
3.86740459125
3.76195361671
3.45112119722
3.41073498954
3.27435567615
3.18288440544
3.10346581332
3.07296406974
3.00508087094
2.94320176575
2.84855909505
2.77917712074
2.70371226621
2.62488145883
2.55390578695
2.4874469925
2.38264182702
2.35098206363
2.30890306366
2.28447890913
2.23398124572
2.21389379109
2.20542532167
2.13237985392
2.08802542735
2.06573245381
2.04402358396
2.01966720721
1.90982234672
1.90840588045
1.88511995152
1.83291913171
1.80606683175
1.74856909071
1.73116368259
1.65802824943
1.6226965888
1.59553526926
1.57274128177
1.55204438124
1.50049644318
1.45086079617
1.42674400005
1.41421356237
1.38707773538
1.36919023781
1.35400404742
1.29875647108
1.23554460975
1.21091934801
1.14228253185
1.13918242584
1.08496548013
1.07875168179
1.03456418777
1.02080997928
1.0
1.0
1.0
1.0
0.975665072391
0.958061447369
0.93750190938
0.901302109352
0.875864249132
0.850464191381
0.812366927352
0.791846221847
0.713070794275
0.652456542921
0.627823244714
0.567019763135
0.504159134542
0.43119359976
0.412163816846
0.228169041372
3.73107098143e-15
6.52753048634e-16
6.52753048634e-16
6.52753048634e-16
6.52753048634e-16
6.52753048634e-16
6.52753048634e-16
6.52753048634e-16
6.52753048634e-16
2.51833106717e-16
2.46641512483e-16
