6.53782672876
3.72587752074
3.63446940593
3.41204906349
3.18529590566
3.11744512824
3.08036868903
3.0280621977
2.6818554039
2.57236694659
2.42684002311
2.24066763812
2.14070933899
2.05159257327
1.98002970447
1.93038327871
1.835908597
1.76926105833
1.7115419977
1.68191775118
1.57921527121
1.55244091053
1.47061825389
1.41421356237
1.40584571848
1.34199295273
1.3205334568
1.28836548347
1.18939506661
1.18205591792
1.12166948868
1.0364331908
0.890596240728
0.809804217099
0.763309989736
0.737984891239
0.681721951477
0.658886522937
0.586279516666
0.550074263089
0.264973812647
2.90337830611e-15
4.72660420967e-16
4.72660420967e-16
4.72660420967e-16
