7.33626980857
6.83306960903
5.05507874603
4.91292948735
4.59284520687
4.44427701129
4.27708415519
4.20052456134
3.77771158407
3.6437385993
3.53034003753
3.41869116589
3.2441493041
3.19911458156
3.08490599651
3.06334058156
2.96395319766
2.79636699794
2.710276646
2.67677523314
2.62271976322
2.48432567521
2.39663468843
2.2718391392
2.25882523396
2.14354223348
2.09770825543
1.99902786375
1.98186498651
1.92865680219
1.84803661992
1.8059150095
1.7749866589
1.74195180782
1.73323267488
1.65009123181
1.60692063945
1.55333063732
1.49410739122
1.48935490595
1.43646750687
1.41566850873
1.38391738686
1.35390985094
1.23633452065
1.22258039255
1.16764648237
1.07996197749
1.05486788801
1.03063930474
1.0254696939
1.00323803203
1.00126054333
1.00011854906
1.0
1.0
0.999319248043
0.955642848597
0.937699039464
0.923514892132
0.844016603498
0.820504732105
0.772585609395
0.718997896534
0.654098281199
0.619946366059
0.582501036588
0.518092188526
0.472823981105
0.416042632917
0.397635684298
0.342682647444
0.217191693722
0.153186104096
0.122908214228
0.11332905013
0.102549251835
0.0911058521786
0.0794871955217
0.0773311690401
0.0666666666667
0.0625
0.0398565536034
0.0304203647265
3.25795826253e-15
5.3857787137e-16
5.3857787137e-16
5.3857787137e-16
5.3857787137e-16
5.3857787137e-16
5.3857787137e-16
5.3857787137e-16
5.3857787137e-16
5.3857787137e-16
5.3857787137e-16
