5.72768757936
4.38980542246
4.25065282197
3.83503329551
3.50159292067
3.39688885695
3.22885038497
2.97866384342
2.85810858643
2.83190245943
2.79281287584
2.71584526023
2.24528539153
2.09235578503
2.06639149614
1.74490672098
1.66896607215
1.56729107177
1.43234312956
1.40948498732
1.37340697029
1.22109348093
1.12932894039
1.02175563465
1.00486036961
1.00254777483
0.989161106263
0.928106960166
0.887253144804
0.823995687545
0.699874692228
0.422459004254
0.158367706158
0.0354827905829
2.54360425139e-15
5.30758390494e-16
5.30758390494e-16
5.30758390494e-16
5.30758390494e-16
5.30758390494e-16
5.30758390494e-16
