6.70916725775
4.4460825086
4.31213366876
3.86465078
3.31644519441
3.06907383958
3.00472577338
2.84084183582
2.78548738349
2.56335471265
2.55255676056
2.51338916622
2.37968749303
2.25408528346
2.19798809502
2.07519628229
2.04527413262
1.93956922979
1.74332508656
1.72717917058
1.67767411814
1.54526327776
1.46125327624
1.41421356237
1.41421356237
1.36582605739
1.32354180232
1.27177086363
1.24402760283
1.07911681166
1.06514530803
0.974991956387
0.702643917552
0.546010190572
2.97946878625e-15
6.35362710611e-16
6.35362710611e-16
6.35362710611e-16
6.35362710611e-16
6.35362710611e-16
6.35362710611e-16
